
global e                   %电子的电荷量
global m                  %电子的质量
global kb                 %玻尔兹曼常数
global h                   %普朗克常量
global hbar               %约化普朗克常量
global epsilon0         %真空介电常数

e =1.602176634e-19;
m = 9.10956e-31;
kb = 1.380649e-23;
h = 6.6260755e-34;
hbar = 1.05457266e-34;
epsilon0 = 8.854187817e-12;
